{
  "bellman_heuristic_gap": 0.10052230782514282,
  "bellman_start_value": 0.6696603817518793,
  "chance_calibration_abs_error": 0.0007500000000000007,
  "chance_calibration_empirical": 0.04925,
  "chance_calibration_nominal": 0.05,
  "coherence_monotone_outside": true,
  "coherence_zero_in_band": true,
  "committor_bounds_ok": true,
  "committor_start_mean": 0.4281452013923422,
  "committor_start_std": 0.0,
  "dare_terminal_trace": 11.89372344449007,
  "delay_screen_status": "skipped_no_lmi_solver",
  "heuristic_start_mean": 0.5691380739267364,
  "heuristic_start_std": 0.0,
  "lower_coeff_mean": 1.2238298687540727,
  "lower_coeff_std": 0.1171924693499461,
  "n_rows": 193,
  "projection_box_inside": true,
  "projection_exact_inside_or_fallback": true,
  "pytest_return_code": 0,
  "rho_mean": 0.7433333333333346,
  "rho_std": 0.16819301082057253,
  "tau_L_mean": 7.804110199866256,
  "tau_L_std": 10.450465807679427,
  "tau_rank_corr": 0.9415962482706238,
  "tau_tilde_mean": 15.863240584204505,
  "tau_tilde_std": 22.038206267646245,
  "upper_coeff_mean": 7.453037905396678,
  "upper_coeff_std": 8.043628878164961,
  "value_start_mean": 0.6696603817518793,
  "value_start_std": 0.0
}