{
  "burden_adherence_mean": 1.0,
  "challenge_recovery_time_mean": 16.59375,
  "circadian_adherence_mean": 1.0,
  "controller_solve_time_mean": 5.381776202419142e-05,
  "cum_cost_mean": 246.60421918903094,
  "mode_accuracy_mean": 0.542236328125,
  "policy": "basin_lqr",
  "recursive_feasibility_rate_mean": 1.0,
  "safety_violation_rate_mean": 0.050689697265625,
  "scenario": "model_mismatch",
  "state_rmse_mean": 0.2524828968873204,
  "time_in_target_mean": 0.2860107421875
}